0       0
0.1     -7.76192e-05
0.2     -0.000602214
0.3     -0.00197027
0.4     -0.00452526
0.5     -0.00856
0.6     -0.0143189
0.7     -0.0220003
0.8     -0.0317587
0.9     -0.0437073
1       -0.05792
1.1     -0.0744338
1.2     -0.0932512
1.3     -0.114342
1.4     -0.137648
1.5     -0.16308
1.6     -0.190526
1.7     -0.219851
1.8     -0.250897
1.9     -0.283491
2       -0.31744
2.1     -0.35254
2.2     -0.388575
2.3     -0.425319
2.4     -0.46254
2.5     -0.5
2.6     -0.53746
2.7     -0.574681
2.8     -0.611425
2.9     -0.64746
3       -0.68256
3.1     -0.716509
3.2     -0.749103
3.3     -0.780149
3.4     -0.809474
3.5     -0.83692
3.6     -0.862352
3.7     -0.885658
3.8     -0.906749
3.9     -0.925566
4       -0.94208
4.1     -0.956293
4.2     -0.968241
4.3     -0.978
4.4     -0.985681
4.5     -0.99144
4.6     -0.995475
4.7     -0.99803
4.8     -0.999398
4.9     -0.999922
5       -1
5       -1
5.1     -1.00008
5.2     -1.0006
5.3     -1.00197
5.4     -1.00453
5.5     -1.00856
5.6     -1.01432
5.7     -1.022
5.8     -1.03176
5.9     -1.04371
6       -1.05792
6.1     -1.07443
6.2     -1.09325
6.3     -1.11434
6.4     -1.13765
6.5     -1.16308
6.6     -1.19053
6.7     -1.21985
6.8     -1.2509
6.9     -1.28349
7       -1.31744
7.1     -1.35254
7.2     -1.38858
7.3     -1.42532
7.4     -1.46254
7.5     -1.5
7.6     -1.53746
7.7     -1.57468
7.8     -1.61142
7.9     -1.64746
8       -1.68256
8.1     -1.71651
8.2     -1.7491
8.3     -1.78015
8.4     -1.80947
8.5     -1.83692
8.6     -1.86235
8.7     -1.88566
8.8     -1.90675
8.9     -1.92557
9       -1.94208
9.1     -1.95629
9.2     -1.96824
9.3     -1.978
9.4     -1.98568
9.5     -1.99144
9.6     -1.99547
9.7     -1.99803
9.8     -1.9994
9.9     -1.99992
10      -2
10      -2
10.1    -2
10.2    -2
10.3    -2
10.4    -2
10.5    -2
10.6    -2
10.7    -2
10.8    -2
10.9    -2
11      -2
11.1    -2
11.2    -2
11.3    -2
11.4    -2
11.5    -2
11.6    -2
11.7    -2
11.8    -2
11.9    -2
12      -2
12.1    -2
12.2    -2
12.3    -2
12.4    -2
12.5    -2
12.6    -2
12.7    -2
12.8    -2
12.9    -2
13      -2
13.1    -2
13.2    -2
13.3    -2
13.4    -2
13.5    -2
13.6    -2
13.7    -2
13.8    -2
13.9    -2
14      -2
14.1    -2
14.2    -2
14.3    -2
14.4    -2
14.5    -2
14.6    -2
14.7    -2
14.8    -2
14.9    -2
15      -2
15      -2
15.1    -1.99992
15.2    -1.9994
15.3    -1.99803
15.4    -1.99547
15.5    -1.99144
15.6    -1.98568
15.7    -1.978
15.8    -1.96824
15.9    -1.95629
16      -1.94208
16.1    -1.92557
16.2    -1.90675
16.3    -1.88566
16.4    -1.86235
16.5    -1.83692
16.6    -1.80947
16.7    -1.78015
16.8    -1.7491
16.9    -1.71651
17      -1.68256
17.1    -1.64746
17.2    -1.61142
17.3    -1.57468
17.4    -1.53746
17.5    -1.5
17.6    -1.46254
17.7    -1.42532
17.8    -1.38858
17.9    -1.35254
18      -1.31744
18.1    -1.28349
18.2    -1.2509
18.3    -1.21985
18.4    -1.19053
18.5    -1.16308
18.6    -1.13765
18.7    -1.11434
18.8    -1.09325
18.9    -1.07443
19      -1.05792
19.1    -1.04371
19.2    -1.03176
19.3    -1.022
19.4    -1.01432
19.5    -1.00856
19.6    -1.00453
19.7    -1.00197
19.8    -1.0006
19.9    -1.00008
20      -1
20.1    -1
20.2    -1
20.3    -1
20.4    -1
20.5    -1
20.6    -1
20.7    -1
20.8    -1
20.9    -1
21      -1
21.1    -1
21.2    -1
21.3    -1
21.4    -1
21.5    -1
21.6    -1
21.7    -1
21.8    -1
21.9    -1
22      -1
22.1    -1
22.2    -1
22.3    -1
22.4    -1
22.5    -1
22.6    -1
22.7    -1
22.8    -1
22.9    -1
23      -1
23.1    -1
23.2    -1
23.3    -1
23.4    -1
23.5    -1
23.6    -1
23.7    -1
23.8    -1
23.9    -1
24      -1
24.1    -1
24.2    -1
24.3    -1
24.4    -1
24.5    -1
24.6    -1
24.7    -1
24.8    -1
24.9    -1
25      -1
25.1    -1
25.2    -1
25.3    -1
25.4    -1
25.5    -1
25.6    -1
25.7    -1
25.8    -1
25.9    -1
26      -1
26.1    -1
26.2    -1
26.3    -1
26.4    -1
26.5    -1
26.6    -1
26.7    -1
26.8    -1
26.9    -1
27      -1
27.1    -1
27.2    -1
27.3    -1
27.4    -1
27.5    -1
27.6    -1
27.7    -1
27.8    -1
27.9    -1
28      -1
28.1    -1
28.2    -1
28.3    -1
28.4    -1
28.5    -1
28.6    -1
28.7    -1
28.8    -1
28.9    -1
29      -1
29.1    -1
29.2    -1
29.3    -1
29.4    -1
29.5    -1
29.6    -1
29.7    -1
29.8    -1
29.9    -1
30      -1
30.1    -1
30.2    -1
30.3    -1
30.4    -1
30.5    -1
30.6    -1
30.7    -1
30.8    -1
30.9    -1
31      -1
31.1    -1
31.2    -1
31.3    -1
31.4    -1
31.5    -1
31.6    -1
31.7    -1
31.8    -1
31.9    -1
32      -1
32.1    -1
32.2    -1
32.3    -1
32.4    -1
32.5    -1
32.6    -1
32.7    -1
32.8    -1
32.9    -1
33      -1
33.1    -1
33.2    -1
33.3    -1
33.4    -1
33.5    -1
33.6    -1
33.7    -1
33.8    -1
33.9    -1
34      -1
34.1    -1
34.2    -1
34.3    -1
34.4    -1
34.5    -1
34.6    -1
34.7    -1
34.8    -1
34.9    -1
35      -1
35.1    -1
35.2    -1
35.3    -1
35.4    -1
35.5    -1
35.6    -1
35.7    -1
35.8    -1
35.9    -1
36      -1
36.1    -1
36.2    -1
36.3    -1
36.4    -1
36.5    -1
36.6    -1
36.7    -1
36.8    -1
36.9    -1
37      -1
37.1    -1
37.2    -1
37.3    -1
37.4    -1
37.5    -1
37.6    -1
37.7    -1
37.8    -1
37.9    -1
38      -1
38.1    -1
38.2    -1
38.3    -1
38.4    -1
38.5    -1
38.6    -1
38.7    -1
38.8    -1
38.9    -1
39      -1
39.1    -1
39.2    -1
39.3    -1
39.4    -1
39.5    -1
39.6    -1
39.7    -1
39.8    -1
39.9    -1
40      -1
40.1    -1
40.2    -1
40.3    -1
40.4    -1
40.5    -1
40.6    -1
40.7    -1
40.8    -1
40.9    -1
41      -1
41.1    -1
41.2    -1
41.3    -1
41.4    -1
41.5    -1
41.6    -1
41.7    -1
41.8    -1
41.9    -1
42      -1
42.1    -1
42.2    -1
42.3    -1
42.4    -1
42.5    -1
42.6    -1
42.7    -1
42.8    -1
42.9    -1
43      -1
43.1    -1
43.2    -1
43.3    -1
43.4    -1
43.5    -1
43.6    -1
43.7    -1
43.8    -1
43.9    -1
44      -1
44.1    -1
44.2    -1
44.3    -1
44.4    -1
44.5    -1
44.6    -1
44.7    -1
44.8    -1
44.9    -1
45      -1
45.1    -1
45.2    -1
45.3    -1
45.4    -1
45.5    -1
45.6    -1
45.7    -1
45.8    -1
45.9    -1
46      -1
46.1    -1
46.2    -1
46.3    -1
46.4    -1
46.5    -1
46.6    -1
46.7    -1
46.8    -1
46.9    -1
47      -1
47.1    -1
47.2    -1
47.3    -1
47.4    -1
47.5    -1
47.6    -1
47.7    -1
47.8    -1
47.9    -1
48      -1
48.1    -1
48.2    -1
48.3    -1
48.4    -1
48.5    -1
48.6    -1
48.7    -1
48.8    -1
48.9    -1
49      -1
49.1    -1
49.2    -1
49.3    -1
49.4    -1
49.5    -1
49.6    -1
49.7    -1
49.8    -1
49.9    -1
