0       -2.78379e-08
0.1     -0.000166723
0.2     -0.00116675
0.3     -0.00316678
0.4     -0.00616682
0.5     -0.0101669
0.6     -0.0151669
0.7     -0.0211669
0.8     -0.0281373
0.9     -0.0359143
1       -0.0442489
1.1     -0.0529082
1.2     -0.0617233
1.3     -0.0705917
1.4     -0.0794627
1.5     -0.0883185
1.6     -0.0971593
1.7     -0.105992
1.8     -0.114826
1.9     -0.123668
2       -0.132523
2.1     -0.141396
2.2     -0.150288
2.3     -0.159201
2.4     -0.168136
2.5     -0.177094
2.6     -0.186075
2.7     -0.195082
2.8     -0.204115
2.9     -0.213174
3       -0.222263
3.1     -0.231381
3.2     -0.24053
3.3     -0.24971
3.4     -0.258925
3.5     -0.268173
3.6     -0.277458
3.7     -0.286779
3.8     -0.296139
3.9     -0.305538
4       -0.314978
4.1     -0.32446
4.2     -0.333985
4.3     -0.343555
4.4     -0.35317
4.5     -0.362833
4.6     -0.372544
4.7     -0.382304
4.8     -0.392116
4.9     -0.40198
5       -0.411897
5       -0.42187
5.1     -0.431899
5.2     -0.441985
5.3     -0.45213
5.4     -0.462336
5.5     -0.472603
5.6     -0.482933
5.7     -0.493328
5.8     -0.503788
5.9     -0.514316
6       -0.524912
6.1     -0.535578
6.2     -0.546315
6.3     -0.557126
6.4     -0.568011
6.5     -0.578971
6.6     -0.590009
6.7     -0.601125
6.8     -0.612321
6.9     -0.6236
7       -0.634961
7.1     -0.646407
7.2     -0.657939
7.3     -0.669559
7.4     -0.681268
7.5     -0.693068
7.6     -0.704961
7.7     -0.716947
7.8     -0.729029
7.9     -0.741208
8       -0.753486
8.1     -0.765865
8.2     -0.778346
8.3     -0.79093
8.4     -0.80362
8.5     -0.816417
8.6     -0.829323
8.7     -0.84234
8.8     -0.855469
8.9     -0.868712
9       -0.882071
9.1     -0.895547
9.2     -0.909143
9.3     -0.92286
9.4     -0.9367
9.5     -0.950665
9.6     -0.964757
9.7     -0.978977
9.8     -0.993328
9.9     -1.00781
10      -1.02243
10      -1.03718
10.1    -1.05208
10.2    -1.06711
10.3    -1.08228
10.4    -1.0976
10.5    -1.11307
10.6    -1.12868
10.7    -1.14445
10.8    -1.16036
10.9    -1.17643
11      -1.19266
11.1    -1.20904
11.2    -1.22559
11.3    -1.24232
11.4    -1.25923
11.5    -1.27633
11.6    -1.29363
11.7    -1.31114
11.8    -1.32881
11.9    -1.34658
12      -1.3643
12.1    -1.38176
12.2    -1.39866
12.3    -1.41473
12.4    -1.42982
12.5    -1.4439
12.6    -1.45699
12.7    -1.46908
12.8    -1.48017
12.9    -1.49026
13      -1.49935
13.1    -1.50743
13.2    -1.51452
13.3    -1.52061
13.4    -1.52569
13.5    -1.52978
13.6    -1.53287
13.7    -1.53496
13.8    -1.53608
13.9    -1.53641
14      -1.53624
14.1    -1.53583
14.2    -1.53529
14.3    -1.53458
14.4    -1.53349
14.5    -1.53174
14.6    -1.52906
14.7    -1.52538
14.8    -1.52071
14.9    -1.51504
15      -1.50836
15      -1.50069
15.1    -1.49201
15.2    -1.48234
15.3    -1.47167
15.4    -1.45999
15.5    -1.44732
15.6    -1.43364
15.7    -1.41902
15.8    -1.40368
15.9    -1.38793
16      -1.37205
16.1    -1.35621
16.2    -1.34053
16.3    -1.32504
16.4    -1.30976
16.5    -1.29469
16.6    -1.27982
16.7    -1.26514
16.8    -1.25062
16.9    -1.23628
17      -1.22211
17.1    -1.20809
17.2    -1.19424
17.3    -1.18054
17.4    -1.167
17.5    -1.15362
17.6    -1.14039
17.7    -1.12731
17.8    -1.11439
17.9    -1.10161
18      -1.08897
18.1    -1.07649
18.2    -1.06414
18.3    -1.05194
18.4    -1.03988
18.5    -1.02796
18.6    -1.01617
18.7    -1.00452
18.8    -0.993007
18.9    -0.981624
19      -0.970371
19.1    -0.959248
19.2    -0.948252
19.3    -0.937383
19.4    -0.926639
19.5    -0.916019
19.6    -0.905521
19.7    -0.895143
19.8    -0.884885
19.9    -0.874745
20      -0.864722
20.1    -0.854814
20.2    -0.845019
20.3    -0.835338
20.4    -0.825768
20.5    -0.816308
20.6    -0.806957
20.7    -0.797713
20.8    -0.788576
20.9    -0.779544
21      -0.770616
21.1    -0.761791
21.2    -0.753067
21.3    -0.744444
21.4    -0.735919
21.5    -0.727494
21.6    -0.719165
21.7    -0.710932
21.8    -0.702793
21.9    -0.694749
22      -0.686797
22.1    -0.678937
22.2    -0.671167
22.3    -0.663487
22.4    -0.655895
22.5    -0.648391
22.6    -0.640973
22.7    -0.633641
22.8    -0.626393
22.9    -0.619228
23      -0.612147
23.1    -0.605147
23.2    -0.598227
23.3    -0.591387
23.4    -0.584627
23.5    -0.577944
23.6    -0.571338
23.7    -0.564808
23.8    -0.558354
23.9    -0.551974
24      -0.545668
24.1    -0.539435
24.2    -0.533273
24.3    -0.527183
24.4    -0.521162
24.5    -0.515212
24.6    -0.50933
24.7    -0.503516
24.8    -0.497769
24.9    -0.492088
25      -0.486474
25.1    -0.480924
25.2    -0.475438
25.3    -0.470015
25.4    -0.464655
25.5    -0.459357
25.6    -0.454121
25.7    -0.448945
25.8    -0.443829
25.9    -0.438772
26      -0.433773
26.1    -0.428832
26.2    -0.423949
26.3    -0.419122
26.4    -0.414351
26.5    -0.409635
26.6    -0.404974
26.7    -0.400367
26.8    -0.395813
26.9    -0.391312
27      -0.386863
27.1    -0.382466
27.2    -0.37812
27.3    -0.373824
27.4    -0.369578
27.5    -0.365381
27.6    -0.361233
27.7    -0.357134
27.8    -0.353081
27.9    -0.349076
28      -0.345118
28.1    -0.341205
28.2    -0.337338
28.3    -0.333516
28.4    -0.329739
28.5    -0.326005
28.6    -0.322315
28.7    -0.318668
28.8    -0.315063
28.9    -0.3115
29      -0.307979
29.1    -0.304499
29.2    -0.30106
29.3    -0.297661
29.4    -0.294301
29.5    -0.290981
29.6    -0.287699
29.7    -0.284456
29.8    -0.281251
29.9    -0.278083
30      -0.274952
30.1    -0.271858
30.2    -0.2688
30.3    -0.265778
30.4    -0.262792
30.5    -0.259841
30.6    -0.256924
30.7    -0.254041
30.8    -0.251193
30.9    -0.248377
31      -0.245595
31.1    -0.242846
31.2    -0.240129
31.3    -0.237444
31.4    -0.234791
31.5    -0.232169
31.6    -0.229578
31.7    -0.227018
31.8    -0.224488
31.9    -0.221988
32      -0.219517
32.1    -0.217076
32.2    -0.214664
32.3    -0.21228
32.4    -0.209924
32.5    -0.207597
32.6    -0.205297
32.7    -0.203025
32.8    -0.20078
32.9    -0.198561
33      -0.196369
33.1    -0.194203
33.2    -0.192064
33.3    -0.189949
33.4    -0.18786
33.5    -0.185796
33.6    -0.183757
33.7    -0.181742
33.8    -0.179752
33.9    -0.177786
34      -0.175843
34.1    -0.173923
34.2    -0.172027
34.3    -0.170154
34.4    -0.168304
34.5    -0.166476
34.6    -0.16467
34.7    -0.162886
34.8    -0.161124
34.9    -0.159383
35      -0.157664
35.1    -0.155965
35.2    -0.154288
35.3    -0.152631
35.4    -0.150994
35.5    -0.149377
35.6    -0.147781
35.7    -0.146204
35.8    -0.144646
35.9    -0.143108
36      -0.141589
36.1    -0.140089
36.2    -0.138608
36.3    -0.137145
36.4    -0.1357
36.5    -0.134273
36.6    -0.132865
36.7    -0.131474
36.8    -0.1301
36.9    -0.128744
37      -0.127405
37.1    -0.126083
37.2    -0.124778
37.3    -0.123489
37.4    -0.122217
37.5    -0.120962
37.6    -0.119722
37.7    -0.118498
37.8    -0.11729
37.9    -0.116098
38      -0.114921
38.1    -0.11376
38.2    -0.112614
38.3    -0.111483
38.4    -0.110366
38.5    -0.109265
38.6    -0.108178
38.7    -0.107105
38.8    -0.106047
38.9    -0.105002
39      -0.103972
39.1    -0.102956
39.2    -0.101953
39.3    -0.100964
39.4    -0.0999885
39.5    -0.0990263
39.6    -0.0980772
39.7    -0.0971413
39.8    -0.0962183
39.9    -0.0953081
40      -0.0944106
40.1    -0.0935258
40.2    -0.0926534
40.3    -0.0917933
40.4    -0.0909455
40.5    -0.0901098
40.6    -0.0892862
40.7    -0.0884744
40.8    -0.0876744
40.9    -0.0868862
41      -0.0861095
41.1    -0.0853443
41.2    -0.0845905
41.3    -0.0838479
41.4    -0.0831166
41.5    -0.0823963
41.6    -0.081687
41.7    -0.0809886
41.8    -0.080301
41.9    -0.0796241
42      -0.0789578
42.1    -0.0783021
42.2    -0.0776568
42.3    -0.0770218
42.4    -0.0763972
42.5    -0.0757827
42.6    -0.0751783
42.7    -0.0745839
42.8    -0.0739995
42.9    -0.073425
43      -0.0728602
43.1    -0.0723052
43.2    -0.0717598
43.3    -0.0712239
43.4    -0.0706976
43.5    -0.0701807
43.6    -0.0696732
43.7    -0.0691749
43.8    -0.0686859
43.9    -0.068206
44      -0.0677352
44.1    -0.0672735
44.2    -0.0668207
44.3    -0.0663768
44.4    -0.0659418
44.5    -0.0655156
44.6    -0.0650981
44.7    -0.0646893
44.8    -0.0642891
44.9    -0.0638975
45      -0.0635144
45.1    -0.0631398
45.2    -0.0627736
45.3    -0.0624158
45.4    -0.0620663
45.5    -0.0617251
45.6    -0.0613921
45.7    -0.0610673
45.8    -0.0607506
45.9    -0.060442
46      -0.0601415
46.1    -0.059849
46.2    -0.0595645
46.3    -0.059288
46.4    -0.0590193
46.5    -0.0587585
46.6    -0.0585056
46.7    -0.0582604
46.8    -0.058023
46.9    -0.0577934
47      -0.0575715
47.1    -0.0573572
47.2    -0.0571506
47.3    -0.0569516
47.4    -0.0567602
47.5    -0.0565764
47.6    -0.0564001
47.7    -0.0562313
47.8    -0.0560701
47.9    -0.0559163
48      -0.0557699
48.1    -0.055631
48.2    -0.0554996
48.3    -0.0553755
48.4    -0.0552588
48.5    -0.0551495
48.6    -0.0550475
48.7    -0.0549529
48.8    -0.0548655
48.9    -0.0547856
49      -0.0547129
49.1    -0.0546476
49.2    -0.0545895
49.3    -0.0545388
49.4    -0.0544954
49.5    -0.0544593
49.6    -0.0544302
49.7    -0.0544081
49.8    -0.0543926
49.9    -0.0543834
